-3145792
-3159040
202374963
869059779
1009827852
1056976911
-809485072
859829235
-855642097
267387711
-1007665393
-214942525
-1070338033
268226304
-251670529
15781059
-217268176
-1072708861
217116732
-255839245
-818691133
201379836
201376752
1006882044
-16777168
1010577651
1072942320
255790320
869257164
-50541373
-855691057
201535695
868283199
-1010025412
1009840176
-1020064516
-1020214321
-805564420
-869266237
-62979076
1009791939
265239615
201572559
1057214211
-818086096
-204524593
-856428484
252445455
855847152
268385331
-856486861
-63713329
-806154496
-205311997
-255062212
-54328513
-1007666176
13384719
1073688636
54464271
809254719
-254816257
1069805583
-3984445
-1072694077
-871624765
255065100
-16763965
63175872
-1072755664
-818887933
53527500
-1057960141
-868482292
268422399
255839439
-252694288
251659071
-264256573
-986884
252657468
3210291
-1070580544
-1060949821
-1019474884
-859573492
1019428671
1007422464
-856424704
-62929984
-254816269
51327231
-1060961473
-1009827856
-201338884
-201572605
255803379
-1022411572
-264450829
809254131
-205259773
806338623
-255053620
-973
-252693709
13299
1019278287
818937648
255004428
-252653581
214954044
995340
53247
-1020251968
-1019277565
-1007484688
-856473841
204731148
-1069744144
-1006698241
-53727025
-996097
-13628416
-872353552
808700931
66899187
-252693568
-217841665
-53726461
-201588721
4181967
-1010025268
16773180
-869203969
808502208
-50394064
-999373
201535491
-252497137
1022562252
218051331
-202325200
-3358708
859770636
-214749169
809242572
-836605
-50543821
-868433860
255063039
50331699
4178739
-54463540
-871628740
200643
818888691
1023152079
62980032
872203020
1006697535
-252702925
1035279
858796236
-61633
-213959485
-50334784
-818725072
869020623
-3358480
1006891071
54266940
3947580
-821244865
252702972
66862143
255062268
1072758735
-251905009
1020261312
4132803
-805310212
217255680
12844287
66124992
1023406848
-62930932
808664127
-1061143357
1070399427
1073677104
-872414209
855650355
1073544252
-51327796
-205323457
-51130381
66259971
-255643600
-3997696
-1009991440
-1022562112
-869269300
-869069617
1069612815
-16764880
-809291761
12531
-1010811844
202113075
13372479
-1009794049
214892739
-50384641
-63766333
-66113281
-818101249
-821883076
-63947725
-1020067648
66109443
821038911
805322751
-868482256
-3406864
-50393137
-62918596
1058009856
-806155252
67043328
-16774096
201536319
-3996676
-1006894336
-1006697533
264305676
1061096655
1057214271
809299980
-1023161296
-1020215245
858996495
254819520
-63126544
-1069608973
12583692
859779279
-1020198928
1007616768
-204719056
202326000
-856488973
268174143
0
0
0
0

